255255255 255255255 255255255 255255255 255255255 255255255 255255255 255255255 0 0 0 0 0 0 0 0 0 0 255255255 255255255 255255255 255255255 255255255 255255255 255255255 255255255
255255255 255255255 255255255 255255255 0 0 0 0 128096000 128096000 128096000 128096000 128096000 128096000 128096000 128096000 128096000 128096000 0 0 0 0 255255255 255255255 255255255 255255255
255255255 255255255 0 0 191143000 191143000 128096000 128096000 128096000 128096000 128096000 128096000 128096000 128096000 128096000 128096000 128096000 128096000 128096000 128096000 191143000 191143000 0 0 255255255 255255255
255255255 255255255 0 0 128096000 128096000 191143000 191143000 128096000 128096000 191143000 191143000 191143000 191143000 128096000 128096000 191143000 191143000 191143000 191143000 128096000 128096000 0 0 255255255 255255255
0 0 128096000 128096000 128096000 128096000 128096000 128096000 128096000 128096000 128096000 128096000 128096000 128096000 128096000 128096000 128096000 128096000 128096000 128096000 128096000 128096000 128096000 128096000 0 0
0 0 128096000 128096000 128096000 128096000 128096000 128096000 128096000 128096000 128096000 128096000 128096000 128096000 128096000 128096000 128096000 128096000 128096000 128096000 128096000 128096000 128096000 128096000 0 0
0 0 128096000 128096000 128096000 128096000 128096000 128096000 128096000 128096000 128096000 128096000 128096000 128096000 128096000 128096000 128096000 128096000 128096000 128096000 128096000 128096000 128096000 128096000 0 0
0 0 128096000 128096000 128096000 128096000 128096000 128096000 128096000 128096000 128096000 128096000 128096000 128096000 128096000 128096000 128096000 128096000 128096000 128096000 128096000 128096000 128096000 128096000 0 0
0 0 128096000 128096000 128096000 128096000 128096000 128096000 128096000 128096000 128096000 128096000 128096000 128096000 128096000 128096000 128096000 128096000 128096000 128096000 128096000 128096000 128096000 128096000 0 0
255255255 255255255 0 0 128096000 128096000 128096000 128096000 128096000 128096000 128096000 128096000 128096000 128096000 128096000 128096000 128096000 128096000 128096000 128096000 128096000 128096000 0 0 255255255 255255255
255255255 255255255 255255255 255255255 0 0 128096000 128096000 128096000 128096000 128096000 128096000 128096000 128096000 128096000 128096000 128096000 128096000 128096000 128096000 0 0 255255255 255255255 255255255 255255255
255255255 255255255 0 0 128096000 128096000 128096000 128096000 169208142 169208142 189215238 189215238 189215238 189215238 189215238 189215238 169208142 169208142 252228214 252228214 0 0 255255255 255255255 255255255 255255255
0 0 128096000 128096000 128096000 128096000 252228214 252228214 255230153 255230153 255230153 255230153 255230153 255230153 255230153 255230153 255230153 255230153 0 0 255255255 255255255 255255255 255255255 255255255 255255255
0 0 128096000 128096000 0 0 0 0 255230153 255230153 255255000 255255000 255255000 255255000 255255000 255255000 255230153 255230153 0 0 255255255 255255255 255255255 255255255 255255255 255255255
255255255 255255255 0 0 255255255 255255255 255255255 255255255 0 0 252228214 252228214 0 0 252228214 252228214 0 0 255255255 255255255 255255255 255255255 255255255 255255255 255255255 255255255
255255255 255255255 255255255 255255255 255255255 255255255 255255255 255255255 255255255 255255255 0 0 255255255 255255255 0 0 255255255 255255255 255255255 255255255 255255255 255255255 255255255 255255255 255255255 255255255
