242242242 242242242 242242242 242242242 242242242 242242242 242242242 242242242 176240 176240 176240 176240 176240 176240 176240 176240 176240 176240 242242242 242242242 242242242 242242242 242242242 242242242 242242242 242242242
242242242 242242242 242242242 242242242 242242242 176240 176240 176240 176240 176240 176240 176240 176240 176240 176240 176240 176240 176240 176240 176240 176240 242242242 242242242 242242242 242242242 242242242
242242242 242242242 176240 176240 176240 176240 176240 176240 176240 176240 176240 176240 176240 176240 176240 176240 176240 176240 176240 176240 176240 176240 176240 176240 242242242 242242242
242242242 176240 176240 176240 176240 176240 176240 176240 176240 176240 176240 176240 176240 176240 176240 176240 176240 176240 176240 176240 176240 176240 176240 176240 176240 242242242
176240 176240 176240 176240 176240 176240 176240 176240 176240 176240 176240 176240 176240 176240 176240 176240 176240 176240 176240 176240 176240 176240 176240 176240 176240 176240
176240 176240 176240 176240 176240 176240 176240 176240 176240 176240 176240 176240 176240 176240 176240 176240 176240 176240 176240 176240 176240 176240 176240 176240 176240 176240
176240 176240 176240 176240 176240 176240 176240 176240 176240 176240 176240 176240 176240 176240 176240 176240 176240 176240 176240 176240 176240 176240 176240 176240 176240 176240
176240 176240 176240 176240 176240 176240 176240 176240 176240 176240 176240 176240 176240 176240 176240 176240 176240 176240 176240 176240 176240 176240 176240 176240 176240 176240
176240 176240 176240 176240 176240 176240 176240 176240 176240 176240 176240 176240 176240 176240 176240 176240 176240 176240 176240 176240 176240 176240 176240 176240 176240 176240
242242242 176240 176240 176240 176240 176240 176240 176240 176240 176240 176240 176240 176240 176240 176240 176240 176240 176240 176240 176240 176240 176240 176240 176240 176240 242242242
242242242 242242242 176240 176240 176240 176240 176240 176240 176240 176240 176240 176240 176240 176240 176240 176240 176240 176240 176240 176240 176240 176240 176240 176240 242242242 242242242
242242242 242242242 242242242 242242242 242242242 176240 176240 176240 176240 176240 176240 176240 176240 176240 176240 176240 176240 176240 176240 176240 176240 242242242 242242242 242242242 242242242 242242242
242242242 242242242 242242242 242242242 242242242 242242242 242242242 242242242 176240 176240 176240 176240 176240 176240 176240 176240 176240 176240 242242242 242242242 242242242 242242242 242242242 242242242 242242242 242242242
