146208080 146208080 146208080 146208080 146208080 146208080 146208080 146208080 146208080 146208080 146208080 146208080 146208080 146208080 146208080 146208080 146208080 146208080 146208080 146208080 146208080 146208080 146208080 146208080 146208080 146208080 146208080 146208080 146208080 146208080 146208080 146208080 146208080 146208080 146208080 146208080 146208080 146208080 146208080 146208080
146208080 146208080 146208080 146208080 146208080 146208080 146208080 146208080 146208080 146208080 146208080 146208080 146208080 146208080 146208080 146208080 146208080 146208080 146208080 146208080 146208080 146208080 146208080 146208080 146208080 146208080 146208080 146208080 146208080 146208080 146208080 146208080 146208080 146208080 146208080 146208080 146208080 146208080 146208080 146208080
146208080 146208080 146208080 146208080 146208080 146208080 146208080 146208080 146208080 146208080 146208080 146208080 146208080 146208080 146208080 146208080 146208080 146208080 146208080 146208080 146208080 146208080 146208080 146208080 146208080 146208080 146208080 146208080 146208080 146208080 146208080 146208080 146208080 146208080 146208080 146208080 146208080 146208080 146208080 146208080
146208080 146208080 146208080 146208080 146208080 146208080 146208080 146208080 146208080 146208080 146208080 146208080 146208080 146208080 146208080 146208080 146208080 146208080 146208080 146208080 146208080 146208080 146208080 146208080 146208080 146208080 146208080 146208080 146208080 146208080 146208080 146208080 146208080 146208080 146208080 146208080 146208080 146208080 146208080 146208080
146208080 146208080 146208080 146208080 146208080 146208080 146208080 146208080 146208080 146208080 146208080 146208080 146208080 146208080 146208080 146208080 146208080 146208080 146208080 146208080 146208080 146208080 146208080 146208080 146208080 146208080 146208080 146208080 146208080 146208080 146208080 146208080 146208080 146208080 146208080 146208080 146208080 146208080 146208080 146208080
146208080 146208080 146208080 146208080 146208080 146208080 146208080 146208080 146208080 146208080 146208080 146208080 146208080 146208080 146208080 146208080 146208080 146208080 146208080 146208080 146208080 146208080 146208080 146208080 146208080 146208080 146208080 146208080 146208080 146208080 146208080 146208080 146208080 146208080 146208080 146208080 146208080 146208080 146208080 146208080
146208080 146208080 146208080 146208080 146208080 146208080 146208080 146208080 146208080 146208080 146208080 146208080 146208080 146208080 146208080 146208080 146208080 146208080 146208080 146208080 146208080 146208080 146208080 146208080 146208080 146208080 146208080 146208080 146208080 146208080 146208080 146208080 146208080 146208080 146208080 146208080 146208080 146208080 146208080 146208080
146208080 146208080 146208080 146208080 146208080 146208080 146208080 146208080 146208080 146208080 146208080 146208080 146208080 146208080 146208080 146208080 146208080 146208080 146208080 146208080 146208080 146208080 146208080 146208080 146208080 146208080 146208080 146208080 146208080 146208080 146208080 146208080 146208080 146208080 146208080 146208080 146208080 146208080 146208080 146208080
146208080 146208080 146208080 146208080 146208080 146208080 146208080 146208080 146208080 146208080 146208080 146208080 146208080 146208080 146208080 146208080 146208080 146208080 146208080 146208080 146208080 146208080 146208080 146208080 146208080 146208080 146208080 146208080 146208080 146208080 146208080 146208080 146208080 146208080 146208080 146208080 146208080 146208080 146208080 146208080
146208080 146208080 146208080 146208080 146208080 146208080 146208080 146208080 146208080 146208080 146208080 146208080 146208080 146208080 146208080 146208080 146208080 146208080 146208080 146208080 146208080 146208080 146208080 146208080 146208080 146208080 146208080 146208080 146208080 146208080 146208080 146208080 146208080 146208080 146208080 146208080 146208080 146208080 146208080 146208080
146208080 146208080 146208080 146208080 146208080 146208080 146208080 146208080 146208080 146208080 146208080 146208080 146208080 146208080 146208080 146208080 146208080 146208080 146208080 146208080 146208080 146208080 146208080 146208080 146208080 146208080 146208080 146208080 146208080 146208080 146208080 146208080 146208080 146208080 146208080 146208080 146208080 146208080 146208080 146208080
146208080 146208080 146208080 146208080 146208080 146208080 146208080 146208080 146208080 146208080 146208080 146208080 146208080 146208080 146208080 146208080 146208080 146208080 146208080 146208080 146208080 146208080 146208080 146208080 146208080 146208080 146208080 146208080 146208080 146208080 146208080 146208080 146208080 146208080 146208080 146208080 146208080 146208080 146208080 146208080
146208080 146208080 146208080 146208080 146208080 146208080 146208080 146208080 146208080 146208080 146208080 146208080 146208080 146208080 146208080 146208080 146208080 146208080 146208080 146208080 146208080 146208080 146208080 146208080 146208080 146208080 146208080 146208080 146208080 146208080 146208080 146208080 146208080 146208080 146208080 146208080 146208080 146208080 146208080 146208080
146208080 146208080 146208080 146208080 146208080 146208080 146208080 146208080 146208080 146208080 146208080 146208080 146208080 146208080 146208080 146208080 146208080 146208080 146208080 146208080 146208080 146208080 146208080 146208080 146208080 146208080 146208080 146208080 146208080 146208080 146208080 146208080 146208080 146208080 146208080 146208080 146208080 146208080 146208080 146208080
146208080 146208080 146208080 146208080 146208080 146208080 146208080 146208080 146208080 146208080 146208080 146208080 146208080 146208080 146208080 146208080 146208080 146208080 146208080 146208080 146208080 146208080 146208080 146208080 146208080 146208080 146208080 146208080 146208080 146208080 146208080 146208080 146208080 146208080 146208080 146208080 146208080 146208080 146208080 146208080
146208080 146208080 146208080 146208080 146208080 146208080 146208080 146208080 146208080 146208080 146208080 146208080 146208080 146208080 146208080 146208080 146208080 146208080 146208080 146208080 146208080 146208080 146208080 146208080 146208080 146208080 146208080 146208080 146208080 146208080 146208080 146208080 146208080 146208080 146208080 146208080 146208080 146208080 146208080 146208080
146208080 146208080 146208080 146208080 146208080 146208080 146208080 146208080 146208080 146208080 146208080 146208080 146208080 146208080 146208080 146208080 146208080 146208080 146208080 146208080 146208080 146208080 146208080 146208080 146208080 146208080 146208080 146208080 146208080 146208080 146208080 146208080 146208080 146208080 146208080 146208080 146208080 146208080 146208080 146208080
146208080 146208080 146208080 146208080 146208080 146208080 146208080 146208080 146208080 146208080 146208080 146208080 146208080 146208080 146208080 146208080 146208080 146208080 146208080 146208080 146208080 146208080 146208080 146208080 146208080 146208080 146208080 146208080 146208080 146208080 146208080 146208080 146208080 146208080 146208080 146208080 146208080 146208080 146208080 146208080
146208080 146208080 146208080 146208080 146208080 146208080 146208080 146208080 146208080 146208080 146208080 146208080 146208080 146208080 146208080 146208080 146208080 146208080 146208080 146208080 146208080 146208080 146208080 146208080 146208080 146208080 146208080 146208080 146208080 146208080 146208080 146208080 146208080 146208080 146208080 146208080 146208080 146208080 146208080 146208080
146208080 146208080 146208080 146208080 146208080 146208080 146208080 146208080 146208080 146208080 146208080 146208080 146208080 146208080 146208080 146208080 146208080 146208080 146208080 146208080 146208080 146208080 146208080 146208080 146208080 146208080 146208080 146208080 146208080 146208080 146208080 146208080 146208080 146208080 146208080 146208080 146208080 146208080 146208080 146208080
