242242242 242242242 242242242 242242242 242242242 242242242 242242242 242242242 226086 226086 226086 226086 226086 226086 226086 226086 226086 226086 242242242 242242242 242242242 242242242 242242242 242242242 242242242 242242242
242242242 242242242 242242242 242242242 242242242 226086 226086 226086 226086 226086 226086 226086 226086 226086 226086 226086 226086 226086 226086 226086 226086 242242242 242242242 242242242 242242242 242242242
242242242 242242242 226086 226086 226086 226086 226086 226086 226086 226086 226086 226086 226086 226086 226086 226086 226086 226086 226086 226086 226086 226086 226086 226086 242242242 242242242
242242242 226086 226086 226086 226086 226086 226086 226086 226086 226086 226086 226086 226086 226086 226086 226086 226086 226086 226086 226086 226086 226086 226086 226086 226086 242242242
226086 226086 226086 226086 226086 226086 226086 226086 226086 226086 226086 226086 226086 226086 226086 226086 226086 226086 226086 226086 226086 226086 226086 226086 226086 226086
226086 226086 226086 226086 226086 226086 226086 226086 226086 226086 226086 226086 226086 226086 226086 226086 226086 226086 226086 226086 226086 226086 226086 226086 226086 226086
226086 226086 226086 226086 226086 226086 226086 226086 226086 226086 226086 226086 226086 226086 226086 226086 226086 226086 226086 226086 226086 226086 226086 226086 226086 226086
226086 226086 226086 226086 226086 226086 226086 226086 226086 226086 226086 226086 226086 226086 226086 226086 226086 226086 226086 226086 226086 226086 226086 226086 226086 226086
226086 226086 226086 226086 226086 226086 226086 226086 226086 226086 226086 226086 226086 226086 226086 226086 226086 226086 226086 226086 226086 226086 226086 226086 226086 226086
242242242 226086 226086 226086 226086 226086 226086 226086 226086 226086 226086 226086 226086 226086 226086 226086 226086 226086 226086 226086 226086 226086 226086 226086 226086 242242242
242242242 242242242 226086 226086 226086 226086 226086 226086 226086 226086 226086 226086 226086 226086 226086 226086 226086 226086 226086 226086 226086 226086 226086 226086 242242242 242242242
242242242 242242242 242242242 242242242 242242242 226086 226086 226086 226086 226086 226086 226086 226086 226086 226086 226086 226086 226086 226086 226086 226086 242242242 242242242 242242242 242242242 242242242
242242242 242242242 242242242 242242242 242242242 242242242 242242242 242242242 226086 226086 226086 226086 226086 226086 226086 226086 226086 226086 242242242 242242242 242242242 242242242 242242242 242242242 242242242 242242242
