242242242 242242242 242242242 242242242 242242242 242242242 242242242 242242242 255000000 255000000 255000000 255000000 255000000 255000000 255000000 255000000 255000000 255000000 242242242 242242242 242242242 242242242 242242242 242242242 242242242 242242242
242242242 242242242 242242242 242242242 242242242 255000000 255000000 255000000 255000000 255000000 255000000 255000000 255000000 255000000 255000000 255000000 255000000 255000000 255000000 255000000 255000000 242242242 242242242 242242242 242242242 242242242
242242242 242242242 255000000 255000000 255000000 255000000 255000000 255000000 255000000 255000000 255000000 255000000 255000000 255000000 255000000 255000000 255000000 255000000 255000000 255000000 255000000 255000000 255000000 255000000 242242242 242242242
242242242 255000000 255000000 255000000 255000000 255000000 255000000 255000000 255000000 255000000 255000000 255000000 255000000 255000000 255000000 255000000 255000000 255000000 255000000 255000000 255000000 255000000 255000000 255000000 255000000 242242242
255000000 255000000 255000000 255000000 255000000 255000000 255000000 255000000 255000000 255000000 255000000 255000000 255000000 255000000 255000000 255000000 255000000 255000000 255000000 255000000 255000000 255000000 255000000 255000000 255000000 255000000
255000000 255000000 255000000 255000000 255000000 255000000 255000000 255000000 255000000 255000000 255000000 255000000 255000000 255000000 255000000 255000000 255000000 255000000 255000000 255000000 255000000 255000000 255000000 255000000 255000000 255000000
255000000 255000000 255000000 255000000 255000000 255000000 255000000 255000000 255000000 255000000 255000000 255000000 255000000 255000000 255000000 255000000 255000000 255000000 255000000 255000000 255000000 255000000 255000000 255000000 255000000 255000000
255000000 255000000 255000000 255000000 255000000 255000000 255000000 255000000 255000000 255000000 255000000 255000000 255000000 255000000 255000000 255000000 255000000 255000000 255000000 255000000 255000000 255000000 255000000 255000000 255000000 255000000
255000000 255000000 255000000 255000000 255000000 255000000 255000000 255000000 255000000 255000000 255000000 255000000 255000000 255000000 255000000 255000000 255000000 255000000 255000000 255000000 255000000 255000000 255000000 255000000 255000000 255000000
242242242 255000000 255000000 255000000 255000000 255000000 255000000 255000000 255000000 255000000 255000000 255000000 255000000 255000000 255000000 255000000 255000000 255000000 255000000 255000000 255000000 255000000 255000000 255000000 255000000 242242242
242242242 242242242 255000000 255000000 255000000 255000000 255000000 255000000 255000000 255000000 255000000 255000000 255000000 255000000 255000000 255000000 255000000 255000000 255000000 255000000 255000000 255000000 255000000 255000000 242242242 242242242
242242242 242242242 242242242 242242242 242242242 255000000 255000000 255000000 255000000 255000000 255000000 255000000 255000000 255000000 255000000 255000000 255000000 255000000 255000000 255000000 255000000 242242242 242242242 242242242 242242242 242242242
242242242 242242242 242242242 242242242 242242242 242242242 242242242 242242242 255000000 255000000 255000000 255000000 255000000 255000000 255000000 255000000 255000000 255000000 242242242 242242242 242242242 242242242 242242242 242242242 242242242 242242242
