242242242 242242242 242242242 242242242 242242242 242242242 242242242 242242242 255229033 255229033 255229033 255229033 255229033 255229033 255229033 255229033 255229033 255229033 242242242 242242242 242242242 242242242 242242242 242242242 242242242 242242242
242242242 242242242 242242242 242242242 242242242 255229033 255229033 255229033 255229033 255229033 255229033 255229033 255229033 255229033 255229033 255229033 255229033 255229033 255229033 255229033 255229033 242242242 242242242 242242242 242242242 242242242
242242242 242242242 255229033 255229033 255229033 255229033 255229033 255229033 255229033 255229033 255229033 255229033 255229033 255229033 255229033 255229033 255229033 255229033 255229033 255229033 255229033 255229033 255229033 255229033 242242242 242242242
242242242 255229033 255229033 255229033 255229033 255229033 255229033 255229033 255229033 255229033 255229033 255229033 255229033 255229033 255229033 255229033 255229033 255229033 255229033 255229033 255229033 255229033 255229033 255229033 255229033 242242242
255229033 255229033 255229033 255229033 255229033 255229033 255229033 255229033 255229033 255229033 255229033 255229033 255229033 255229033 255229033 255229033 255229033 255229033 255229033 255229033 255229033 255229033 255229033 255229033 255229033 255229033
255229033 255229033 255229033 255229033 255229033 255229033 255229033 255229033 255229033 255229033 255229033 255229033 255229033 255229033 255229033 255229033 255229033 255229033 255229033 255229033 255229033 255229033 255229033 255229033 255229033 255229033
255229033 255229033 255229033 255229033 255229033 255229033 255229033 255229033 255229033 255229033 255229033 255229033 255229033 255229033 255229033 255229033 255229033 255229033 255229033 255229033 255229033 255229033 255229033 255229033 255229033 255229033
255229033 255229033 255229033 255229033 255229033 255229033 255229033 255229033 255229033 255229033 255229033 255229033 255229033 255229033 255229033 255229033 255229033 255229033 255229033 255229033 255229033 255229033 255229033 255229033 255229033 255229033
255229033 255229033 255229033 255229033 255229033 255229033 255229033 255229033 255229033 255229033 255229033 255229033 255229033 255229033 255229033 255229033 255229033 255229033 255229033 255229033 255229033 255229033 255229033 255229033 255229033 255229033
242242242 255229033 255229033 255229033 255229033 255229033 255229033 255229033 255229033 255229033 255229033 255229033 255229033 255229033 255229033 255229033 255229033 255229033 255229033 255229033 255229033 255229033 255229033 255229033 255229033 242242242
242242242 242242242 255229033 255229033 255229033 255229033 255229033 255229033 255229033 255229033 255229033 255229033 255229033 255229033 255229033 255229033 255229033 255229033 255229033 255229033 255229033 255229033 255229033 255229033 242242242 242242242
242242242 242242242 242242242 242242242 242242242 255229033 255229033 255229033 255229033 255229033 255229033 255229033 255229033 255229033 255229033 255229033 255229033 255229033 255229033 255229033 255229033 242242242 242242242 242242242 242242242 242242242
242242242 242242242 242242242 242242242 242242242 242242242 242242242 242242242 255229033 255229033 255229033 255229033 255229033 255229033 255229033 255229033 255229033 255229033 242242242 242242242 242242242 242242242 242242242 242242242 242242242 242242242
