255255255 255255255 255255255 255255255 255255255 255255255 255255255 255255255 0 0 0 0 0 0 0 0 0 0 255255255 255255255 255255255 255255255 255255255 255255255 255255255 255255255
255255255 255255255 255255255 255255255 0 0 0 0 217217217 217217217 217217217 217217217 217217217 217217217 217217217 217217217 217217217 217217217 0 0 0 0 255255255 255255255 255255255 255255255
255255255 255255255 0 0 48084150 48084150 217217217 217217217 217217217 217217217 217217217 217217217 217217217 217217217 217217217 217217217 217217217 217217217 217217217 217217217 48084150 48084150 0 0 255255255 255255255
255255255 255255255 0 0 217217217 217217217 240240240 240240240 217217217 217217217 240240240 240240240 240240240 240240240 217217217 217217217 240240240 240240240 240240240 240240240 217217217 217217217 0 0 255255255 255255255
0 0 217217217 217217217 217217217 217217217 217217217 217217217 217217217 217217217 217217217 217217217 217217217 217217217 252228214 252228214 217217217 217217217 217217217 217217217 217217217 217217217 217217217 217217217 0 0
0 0 217217217 217217217 217217217 217217217 217217217 217217217 252228214 252228214 217217217 217217217 217217217 217217217 252228214 252228214 252228214 252228214 217217217 217217217 217217217 217217217 217217217 217217217 0 0
0 0 217217217 217217217 217217217 217217217 217217217 217217217 117113113 117113113 217217217 217217217 252228214 252228214 252228214 252228214 117113113 117113113 217217217 217217217 217217217 217217217 217217217 217217217 0 0
0 0 217217217 217217217 217217217 217217217 217217217 217217217 117113113 117113113 252228214 252228214 252228214 252228214 252228214 252228214 117113113 117113113 217217217 217217217 217217217 217217217 217217217 217217217 0 0
0 0 217217217 217217217 240240240 240240240 217217217 217217217 252228214 252228214 252228214 252228214 252228214 252228214 252228214 252228214 252228214 252228214 217217217 217217217 240240240 240240240 217217217 217217217 0 0
255255255 255255255 0 0 217217217 217217217 248203173 248203173 252228214 252228214 252228214 252228214 252228214 252228214 252228214 252228214 252228214 252228214 248203173 248203173 217217217 217217217 0 0 255255255 255255255
255255255 255255255 255255255 255255255 0 0 0 0 0 0 48084150 48084150 255255000 255255000 48084150 48084150 0 0 0 0 0 0 255255255 255255255 255255255 255255255
255255255 255255255 255255255 255255255 255255255 255255255 0 0 48084150 48084150 68114196 68114196 68114196 68114196 68114196 68114196 48084150 48084150 252228214 252228214 0 0 255255255 255255255 255255255 255255255
255255255 255255255 255255255 255255255 0 0 252228214 252228214 48084150 48084150 48084150 48084150 48084150 48084150 48084150 48084150 48084150 48084150 0 0 255255255 255255255 255255255 255255255 255255255 255255255
255255255 255255255 255255255 255255255 255255255 255255255 0 0 48084150 48084150 68114196 68114196 48084150 48084150 68114196 68114196 48084150 48084150 0 0 255255255 255255255 255255255 255255255 255255255 255255255
255255255 255255255 255255255 255255255 255255255 255255255 255255255 255255255 0 0 252228214 252228214 0 0 252228214 252228214 0 0 255255255 255255255 255255255 255255255 255255255 255255255 255255255 255255255
255255255 255255255 255255255 255255255 255255255 255255255 255255255 255255255 255255255 255255255 0 0 255255255 255255255 0 0 255255255 255255255 255255255 255255255 255255255 255255255 255255255 255255255 255255255 255255255
