255255255 255255255 255255255 255255255 255255255 255255255 255255255 255255255 255255255 255255255 255255255 255255255 255255255 255255255 255255255 255255255 255255255 255255255 255255255 255255255 255255255 255255255 0 0 0 0 0 0 0 0 0 255255255 255255255 255255255 255255255
255255255 255255255 255255255 255255255 255255255 255255255 255255255 255255255 255255255 255255255 0 0 255255255 255255255 255255255 255255255 255255255 255255255 0 0 0 0 75251033 75251033 75251033 11233016 11233016 75251033 75251033 75251033 75251033 0 0 255255255 255255255
255255255 255255255 255255255 255255255 255255255 255255255 255255255 255255255 0 0 149115031 210163044 0 0 255255255 255255255 0 0 75251033 75251033 75251033 11233016 11233016 11233016 11233016 11233016 11233016 11233016 11233016 11233016 75251033 75251033 75251033 0 0
255255255 255255255 255255255 255255255 255255255 255255255 255255255 255255255 0 0 149115031 149115031 210163044 210163044 0 0 11233016 11233016 11233016 11233016 11233016 11233016 11233016 11233016 11233016 75251033 75251033 75251033 75251033 0 0 0 0 255255255 255255255
255255255 255255255 255255255 255255255 255255255 255255255 255255255 255255255 255255255 255255255 0 0 149115031 149115031 210163044 210163044 0 0 75251033 75251033 75251033 11233016 11233016 75251033 75251033 0 0 0 0 255255255 255255255 255255255 255255255 255255255 255255255
255255255 255255255 255255255 255255255 255255255 255255255 255255255 255255255 255255255 255255255 255255255 255255255 0 0 149115031 149115031 0 0 0 0 0 0 0 0 0 255255255 255255255 255255255 255255255 255255255 255255255 255255255 255255255 255255255 255255255
255255255 255255255 255255255 255255255 255255255 255255255 255255255 0 0 0 0 0 0 0 149115031 149115031 0 0 0 0 0 255255255 255255255 255255255 255255255 255255255 255255255 255255255 255255255 255255255 255255255 255255255 255255255 255255255 255255255
255255255 255255255 255255255 255255255 0 0 0 235110025 235110025 235110025 235110025 235110025 235110025 0 149115031 149115031 0 0 235110025 240144078 240144078 0 0 0 0 255255255 255255255 255255255 255255255 255255255 255255255 255255255 255255255 255255255 255255255
255255255 255255255 0 0 235110025 235110025 235110025 235110025 235110025 235110025 235110025 235110025 235110025 0 149115031 149115031 0 0 235110025 235110025 235110025 240144078 240144078 240144078 240144078 0 0 255255255 255255255 255255255 255255255 255255255 255255255 255255255 255255255
255255255 255255255 0 0 235110025 235110025 235110025 235110025 235110025 235110025 235110025 235110025 235110025 235110025 235110025 235110025 235110025 235110025 235110025 235110025 235110025 235110025 235110025 235110025 235110025 0 0 255255255 255255255 255255255 255255255 255255255 255255255 255255255 255255255
0 0 235110025 235110025 235110025 235110025 235110025 237125049 235110025 235110025 235110025 235110025 235110025 235110025 235110025 235110025 235110025 237125049 235110025 235110025 235110025 235110025 235110025 235110025 235110025 240144078 240144078 0 0 255255255 255255255 255255255 255255255 255255255 255255255
0 0 235110025 235110025 235110025 235110025 235110025 235110025 235110025 235110025 237125049 235110025 235110025 235110025 235110025 235110025 235110025 235110025 235110025 235110025 237125049 235110025 235110025 235110025 235110025 235110025 235110025 0 0 255255255 255255255 255255255 255255255 255255255 255255255
0 0 235110025 235110025 235110025 235110025 237125049 235110025 235110025 235110025 235110025 235110025 235110025 235110025 237125049 235110025 235110025 235110025 235110025 235110025 235110025 235110025 235110025 235110025 235110025 235110025 235110025 0 0 255255255 255255255 255255255 255255255 255255255 255255255
0 0 235110025 235110025 235110025 235110025 235110025 235110025 235110025 235110025 235110025 235110025 235110025 235110025 235110025 235110025 235110025 237125049 235110025 235110025 235110025 235110025 235110025 235110025 235110025 235110025 235110025 0 0 255255255 255255255 255255255 255255255 255255255 255255255
255255255 255255255 0 0 235110025 235110025 235110025 235110025 235110025 235110025 237125049 235110025 235110025 235110025 235110025 235110025 235110025 235110025 235110025 235110025 235110025 237125049 235110025 235110025 235110025 0 0 255255255 255255255 255255255 255255255 255255255 255255255 255255255 255255255
255255255 255255255 0 0 235110025 235110025 235110025 235110025 235110025 235110025 235110025 235110025 235110025 235110025 235110025 235110025 235110025 235110025 235110025 235110025 235110025 235110025 235110025 235110025 235110025 0 0 255255255 255255255 255255255 255255255 255255255 255255255 255255255 255255255
255255255 255255255 255255255 255255255 0 0 0 235110025 235110025 235110025 235110025 235110025 235110025 235110025 235110025 235110025 235110025 235110025 235110025 235110025 235110025 235110025 0 0 0 255255255 255255255 255255255 255255255 255255255 255255255 255255255 255255255 255255255 255255255
255255255 255255255 255255255 255255255 255255255 255255255 255255255 0 0 0 0 0 0 0 0 0 0 0 0 0 0 0 255255255 255255255 255255255 255255255 255255255 255255255 255255255 255255255 255255255 255255255 255255255 255255255 255255255
